2 Sy2 Sy2 8 14 0.0540542
2 Sz2 Sz2 8 14 0.110315
1 Sy2 8 -0.0378636
1 Sy2 14 -0.0378636
1 Sz2 8 -0.0772727
1 Sz2 14 -0.0772727
2 iQyzi Qyz 8 14 -0.0345717
2 Sy2 Sy2 9 15 0.0540542
2 Sz2 Sz2 9 15 0.110315
1 Sy2 9 -0.0378636
1 Sy2 15 -0.0378636
1 Sz2 9 -0.0772727
1 Sz2 15 -0.0772727
2 iQyzi Qyz 9 15 -0.0345717
2 Sy2 Sy2 10 9 0.0540542
2 Sz2 Sz2 10 9 0.110315
1 Sy2 10 -0.0378636
1 Sy2 9 -0.0378636
1 Sz2 10 -0.0772727
1 Sz2 9 -0.0772727
2 iQyzi Qyz 10 9 -0.0345717
2 Sy2 Sy2 11 8 0.0540542
2 Sz2 Sz2 11 8 0.110315
1 Sy2 11 -0.0378636
1 Sy2 8 -0.0378636
1 Sz2 11 -0.0772727
1 Sz2 8 -0.0772727
2 iQyzi Qyz 11 8 -0.0345717
2 Sy2 Sy2 12 10 0.0540542
2 Sz2 Sz2 12 10 0.110315
1 Sy2 12 -0.0378636
1 Sy2 10 -0.0378636
1 Sz2 12 -0.0772727
1 Sz2 10 -0.0772727
2 iQyzi Qyz 12 10 -0.0345717
2 Sy2 Sy2 13 11 0.0540542
2 Sz2 Sz2 13 11 0.110315
1 Sy2 13 -0.0378636
1 Sy2 11 -0.0378636
1 Sz2 13 -0.0772727
1 Sz2 11 -0.0772727
2 iQyzi Qyz 13 11 -0.0345717
2 Sy2 Sy2 14 13 0.0540542
2 Sz2 Sz2 14 13 0.110315
1 Sy2 14 -0.0378636
1 Sy2 13 -0.0378636
1 Sz2 14 -0.0772727
1 Sz2 13 -0.0772727
2 iQyzi Qyz 14 13 -0.0345717
2 Sy2 Sy2 15 12 0.0540542
2 Sz2 Sz2 15 12 0.110315
1 Sy2 15 -0.0378636
1 Sy2 12 -0.0378636
1 Sz2 15 -0.0772727
1 Sz2 12 -0.0772727
2 iQyzi Qyz 15 12 -0.0345717
2 Sx2 Sx2 8 10 0.0540542
2 Sz2 Sz2 8 10 0.110315
1 Sx2 8 -0.0378636
1 Sx2 10 -0.0378636
1 Sz2 8 -0.0772727
1 Sz2 10 -0.0772727
2 Qxz Qxz 8 10 0.0345717
2 Sx2 Sx2 9 11 0.0540542
2 Sz2 Sz2 9 11 0.110315
1 Sx2 9 -0.0378636
1 Sx2 11 -0.0378636
1 Sz2 9 -0.0772727
1 Sz2 11 -0.0772727
2 Qxz Qxz 9 11 0.0345717
2 Sx2 Sx2 10 13 0.0540542
2 Sz2 Sz2 10 13 0.110315
1 Sx2 10 -0.0378636
1 Sx2 13 -0.0378636
1 Sz2 10 -0.0772727
1 Sz2 13 -0.0772727
2 Qxz Qxz 10 13 0.0345717
2 Sx2 Sx2 11 12 0.0540542
2 Sz2 Sz2 11 12 0.110315
1 Sx2 11 -0.0378636
1 Sx2 12 -0.0378636
1 Sz2 11 -0.0772727
1 Sz2 12 -0.0772727
2 Qxz Qxz 11 12 0.0345717
2 Sx2 Sx2 12 14 0.0540542
2 Sz2 Sz2 12 14 0.110315
1 Sx2 12 -0.0378636
1 Sx2 14 -0.0378636
1 Sz2 12 -0.0772727
1 Sz2 14 -0.0772727
2 Qxz Qxz 12 14 0.0345717
2 Sx2 Sx2 13 15 0.0540542
2 Sz2 Sz2 13 15 0.110315
1 Sx2 13 -0.0378636
1 Sx2 15 -0.0378636
1 Sz2 13 -0.0772727
1 Sz2 15 -0.0772727
2 Qxz Qxz 13 15 0.0345717
2 Sx2 Sx2 14 9 0.0540542
2 Sz2 Sz2 14 9 0.110315
1 Sx2 14 -0.0378636
1 Sx2 9 -0.0378636
1 Sz2 14 -0.0772727
1 Sz2 9 -0.0772727
2 Qxz Qxz 14 9 0.0345717
2 Sx2 Sx2 15 8 0.0540542
2 Sz2 Sz2 15 8 0.110315
1 Sx2 15 -0.0378636
1 Sx2 8 -0.0378636
1 Sz2 15 -0.0772727
1 Sz2 8 -0.0772727
2 Qxz Qxz 15 8 0.0345717
